 force =  1.36285172640269
 perepad =  22.8789946052264
 time =  1.500609994400293E-002
