 force =  1.36295091863358
 perepad =  22.8778405687610
 time =  0.239310000004480
