 force =  1.36443553479654
 perepad =  22.8458539841750
 time =  5449.78054850000
